Dates from 2100 Days
 50 Days Prediction Accuracy
Linear : 0.00279193489392
LR : 0.54146100691
KNN : 0.754195459033
SVM : 0.750246791708
RF : 0.819842053307
Neural Network : 0.591312931885
100 Days Prediction Accuracies
Linear : 0.00279193489392
LR : 0.54146100691
KNN : 0.754195459033
SVM : 0.750246791708
RF : 0.825271470879
Neural Network : 0.591312931885
200 Days Prediction Accuracies
Linear : 0.00279193489392
LR : 0.54146100691
KNN : 0.754195459033
SVM : 0.750246791708
RF : 0.820829220138
Neural Network : 0.591312931885