Dates from 1300 Days
 50 Days Prediction Accuracy
Linear : 0.00402955598233
LR : 0.542697525938
KNN : 0.743814844374
SVM : 0.711093375898
RF : 0.811652035116
Neural Network : 0.623304070231
100 Days Prediction Accuracies
Linear : 0.00402955598233
LR : 0.542697525938
KNN : 0.743814844374
SVM : 0.711093375898
RF : 0.832402234637
Neural Network : 0.623304070231
200 Days Prediction Accuracies
Linear : 0.00402955598233
LR : 0.542697525938
KNN : 0.743814844374
SVM : 0.711093375898
RF : 0.81324820431
Neural Network : 0.623304070231