Dates from 2500 Days
 50 Days Prediction Accuracy
Linear : 0.00360930204743
LR : 0.546473029046
KNN : 0.757676348548
SVM : 0.757261410788
RF : 0.809543568465
Neural Network : 0.580497925311
100 Days Prediction Accuracies
Linear : 0.00360930204743
LR : 0.546473029046
KNN : 0.757676348548
SVM : 0.757261410788
RF : 0.827800829876
Neural Network : 0.580497925311
200 Days Prediction Accuracies
Linear : 0.00360930204743
LR : 0.546473029046
KNN : 0.757676348548
SVM : 0.757261410788
RF : 0.813278008299
Neural Network : 0.580497925311