Dates from 2200 Days
 50 Days Prediction Accuracy
Linear : 0.00361429746249
LR : 0.545754716981
KNN : 0.76179245283
SVM : 0.750943396226
RF : 0.82358490566
Neural Network : 0.573113207547
100 Days Prediction Accuracies
Linear : 0.00361429746249
LR : 0.545754716981
KNN : 0.76179245283
SVM : 0.750943396226
RF : 0.815566037736
Neural Network : 0.573113207547
200 Days Prediction Accuracies
Linear : 0.00361429746249
LR : 0.545754716981
KNN : 0.76179245283
SVM : 0.750943396226
RF : 0.81179245283
Neural Network : 0.573113207547