Dates from 1100 Days
 50 Days Prediction Accuracy
Linear : 0.00508707746585
LR : 0.547686496695
KNN : 0.752596789424
SVM : 0.71954674221
RF : 0.827195467422
Neural Network : 0.61284230406
100 Days Prediction Accuracies
Linear : 0.00508707746585
LR : 0.547686496695
KNN : 0.752596789424
SVM : 0.71954674221
RF : 0.815864022663
Neural Network : 0.61284230406
200 Days Prediction Accuracies
Linear : 0.00508707746585
LR : 0.547686496695
KNN : 0.752596789424
SVM : 0.71954674221
RF : 0.835694050992
Neural Network : 0.61284230406