Dates from 1700 Days
 50 Days Prediction Accuracy
Linear : 0.00360029670319
LR : 0.546064673581
KNN : 0.760829774253
SVM : 0.744966442953
RF : 0.823672971324
Neural Network : 0.575350823673
100 Days Prediction Accuracies
Linear : 0.00360029670319
LR : 0.546064673581
KNN : 0.760829774253
SVM : 0.744966442953
RF : 0.820012202563
Neural Network : 0.575350823673
200 Days Prediction Accuracies
Linear : 0.00360029670319
LR : 0.546064673581
KNN : 0.760829774253
SVM : 0.744966442953
RF : 0.823062843197
Neural Network : 0.575350823673