Dates from 2300 Days
 50 Days Prediction Accuracy
Linear : 0.00303582555604
LR : 0.548037889039
KNN : 0.758231844835
SVM : 0.755525484889
RF : 0.810103743798
Neural Network : 0.569237708615
100 Days Prediction Accuracies
Linear : 0.00303582555604
LR : 0.548037889039
KNN : 0.758231844835
SVM : 0.755525484889
RF : 0.81551646369
Neural Network : 0.569237708615
200 Days Prediction Accuracies
Linear : 0.00303582555604
LR : 0.548037889039
KNN : 0.758231844835
SVM : 0.755525484889
RF : 0.82047812359
Neural Network : 0.569237708615