Dates from 200 Days
 50 Days Prediction Accuracy
Linear : 0.0108222624928
LR : 0.592417061611
KNN : 0.715639810427
SVM : 0.734597156398
RF : 0.838862559242
Neural Network : 0.729857819905
100 Days Prediction Accuracies
Linear : 0.0108222624928
LR : 0.592417061611
KNN : 0.715639810427
SVM : 0.734597156398
RF : 0.829383886256
Neural Network : 0.729857819905
200 Days Prediction Accuracies
Linear : 0.0108222624928
LR : 0.592417061611
KNN : 0.715639810427
SVM : 0.734597156398
RF : 0.796208530806
Neural Network : 0.729857819905