Dates from 600 Days
 50 Days Prediction Accuracy
Linear : 0.00502609213883
LR : 0.573656845754
KNN : 0.766031195841
SVM : 0.701906412478
RF : 0.826689774697
Neural Network : 0.694974003466
100 Days Prediction Accuracies
Linear : 0.00502609213883
LR : 0.573656845754
KNN : 0.766031195841
SVM : 0.701906412478
RF : 0.823223570191
Neural Network : 0.694974003466
200 Days Prediction Accuracies
Linear : 0.00502609213883
LR : 0.573656845754
KNN : 0.766031195841
SVM : 0.701906412478
RF : 0.809358752166
Neural Network : 0.694974003466