Dates from 400 Days
 50 Days Prediction Accuracy
Linear : 0.00675204357541
LR : 0.555844155844
KNN : 0.748051948052
SVM : 0.709090909091
RF : 0.841558441558
Neural Network : 0.735064935065
100 Days Prediction Accuracies
Linear : 0.00675204357541
LR : 0.555844155844
KNN : 0.748051948052
SVM : 0.709090909091
RF : 0.836363636364
Neural Network : 0.735064935065
200 Days Prediction Accuracies
Linear : 0.00675204357541
LR : 0.555844155844
KNN : 0.748051948052
SVM : 0.709090909091
RF : 0.812987012987
Neural Network : 0.735064935065