Dates from 300 Days
 50 Days Prediction Accuracy
Linear : 0.0133016194951
LR : 0.570934256055
KNN : 0.730103806228
SVM : 0.723183391003
RF : 0.813148788927
Neural Network : 0.799307958478
100 Days Prediction Accuracies
Linear : 0.0133016194951
LR : 0.570934256055
KNN : 0.730103806228
SVM : 0.723183391003
RF : 0.840830449827
Neural Network : 0.799307958478
200 Days Prediction Accuracies
Linear : 0.0133016194951
LR : 0.570934256055
KNN : 0.730103806228
SVM : 0.723183391003
RF : 0.81660899654
Neural Network : 0.799307958478