Dates from 100 Days
 50 Days Prediction Accuracy
Linear : 0.0208513644531
LR : 0.585106382979
KNN : 0.702127659574
SVM : 0.744680851064
RF : 0.797872340426
Neural Network : 0.776595744681
100 Days Prediction Accuracies
Linear : 0.0208513644531
LR : 0.585106382979
KNN : 0.702127659574
SVM : 0.744680851064
RF : 0.797872340426
Neural Network : 0.776595744681
200 Days Prediction Accuracies
Linear : 0.0208513644531
LR : 0.585106382979
KNN : 0.702127659574
SVM : 0.744680851064
RF : 0.829787234043
Neural Network : 0.776595744681