Dates from 1600 Days
 50 Days Prediction Accuracy
Linear : 0.00363035253893
LR : 0.546986390149
KNN : 0.756966947505
SVM : 0.731043421905
RF : 0.816591056384
Neural Network : 0.591056383668
100 Days Prediction Accuracies
Linear : 0.00363035253893
LR : 0.546986390149
KNN : 0.756966947505
SVM : 0.731043421905
RF : 0.801036941024
Neural Network : 0.591056383668
200 Days Prediction Accuracies
Linear : 0.00363035253893
LR : 0.546986390149
KNN : 0.756966947505
SVM : 0.731043421905
RF : 0.809462086844
Neural Network : 0.591056383668