Dates from 900 Days
 50 Days Prediction Accuracy
Linear : 0.00357507938264
LR : 0.553757225434
KNN : 0.75838150289
SVM : 0.70289017341
RF : 0.84161849711
Neural Network : 0.620809248555
100 Days Prediction Accuracies
Linear : 0.00357507938264
LR : 0.553757225434
KNN : 0.75838150289
SVM : 0.70289017341
RF : 0.825433526012
Neural Network : 0.620809248555
200 Days Prediction Accuracies
Linear : 0.00357507938264
LR : 0.553757225434
KNN : 0.75838150289
SVM : 0.70289017341
RF : 0.806936416185
Neural Network : 0.620809248555