Dates from 1200 Days
 50 Days Prediction Accuracy
Linear : 0.00353807190553
LR : 0.545847750865
KNN : 0.749134948097
SVM : 0.716262975779
RF : 0.81401384083
Neural Network : 0.615051903114
100 Days Prediction Accuracies
Linear : 0.00353807190553
LR : 0.545847750865
KNN : 0.749134948097
SVM : 0.716262975779
RF : 0.799307958478
Neural Network : 0.615051903114
200 Days Prediction Accuracies
Linear : 0.00353807190553
LR : 0.545847750865
KNN : 0.749134948097
SVM : 0.716262975779
RF : 0.819204152249
Neural Network : 0.615051903114