Dates from 1400 Days
 50 Days Prediction Accuracy
Linear : 0.00367330920343
LR : 0.54821958457
KNN : 0.745548961424
SVM : 0.706231454006
RF : 0.810089020772
Neural Network : 0.600890207715
100 Days Prediction Accuracies
Linear : 0.00367330920343
LR : 0.54821958457
KNN : 0.745548961424
SVM : 0.706231454006
RF : 0.816023738872
Neural Network : 0.600890207715
200 Days Prediction Accuracies
Linear : 0.00367330920343
LR : 0.54821958457
KNN : 0.745548961424
SVM : 0.706231454006
RF : 0.81824925816
Neural Network : 0.600890207715