Dates from 800 Days
 50 Days Prediction Accuracy
Linear : 0.00286870291435
LR : 0.549350649351
KNN : 0.755844155844
SVM : 0.693506493506
RF : 0.82987012987
Neural Network : 0.646753246753
100 Days Prediction Accuracies
Linear : 0.00286870291435
LR : 0.549350649351
KNN : 0.755844155844
SVM : 0.693506493506
RF : 0.806493506494
Neural Network : 0.646753246753
200 Days Prediction Accuracies
Linear : 0.00286870291435
LR : 0.549350649351
KNN : 0.755844155844
SVM : 0.693506493506
RF : 0.807792207792
Neural Network : 0.646753246753