Dates from 2400 Days
 50 Days Prediction Accuracy
Linear : 0.00348089444276
LR : 0.547104580812
KNN : 0.757994814175
SVM : 0.757994814175
RF : 0.820656871219
Neural Network : 0.5738980121
100 Days Prediction Accuracies
Linear : 0.00348089444276
LR : 0.547104580812
KNN : 0.757994814175
SVM : 0.757994814175
RF : 0.808988764045
Neural Network : 0.5738980121
200 Days Prediction Accuracies
Linear : 0.00348089444276
LR : 0.547104580812
KNN : 0.757994814175
SVM : 0.757994814175
RF : 0.825410544512
Neural Network : 0.5738980121