Dates from 1900 Days
 50 Days Prediction Accuracy
Linear : 0.00385485346759
LR : 0.539049699618
KNN : 0.759148006554
SVM : 0.758055707264
RF : 0.817039868924
Neural Network : 0.590933915893
100 Days Prediction Accuracies
Linear : 0.00385485346759
LR : 0.539049699618
KNN : 0.759148006554
SVM : 0.758055707264
RF : 0.802839978154
Neural Network : 0.590933915893
200 Days Prediction Accuracies
Linear : 0.00385485346759
LR : 0.539049699618
KNN : 0.759148006554
SVM : 0.758055707264
RF : 0.814309120699
Neural Network : 0.590933915893