Dates from 1800 Days
 50 Days Prediction Accuracy
Linear : 0.00256320740023
LR : 0.538594470046
KNN : 0.760944700461
SVM : 0.757488479263
RF : 0.820276497696
Neural Network : 0.591589861751
100 Days Prediction Accuracies
Linear : 0.00256320740023
LR : 0.538594470046
KNN : 0.760944700461
SVM : 0.757488479263
RF : 0.830069124424
Neural Network : 0.591589861751
200 Days Prediction Accuracies
Linear : 0.00256320740023
LR : 0.538594470046
KNN : 0.760944700461
SVM : 0.757488479263
RF : 0.821428571429
Neural Network : 0.591589861751