Dates from 2000 Days
 50 Days Prediction Accuracy
Linear : 0.00358491488291
LR : 0.541731467081
KNN : 0.752721617418
SVM : 0.756868843961
RF : 0.821669258683
Neural Network : 0.595645412131
100 Days Prediction Accuracies
Linear : 0.00358491488291
LR : 0.541731467081
KNN : 0.752721617418
SVM : 0.756868843961
RF : 0.811819595645
Neural Network : 0.595645412131
200 Days Prediction Accuracies
Linear : 0.00358491488291
LR : 0.541731467081
KNN : 0.752721617418
SVM : 0.756868843961
RF : 0.811301192328
Neural Network : 0.595645412131