Dates from 500 Days
 50 Days Prediction Accuracy
Linear : 0.00729995303075
LR : 0.55601659751
KNN : 0.763485477178
SVM : 0.705394190871
RF : 0.829875518672
Neural Network : 0.684647302905
100 Days Prediction Accuracies
Linear : 0.00729995303075
LR : 0.55601659751
KNN : 0.763485477178
SVM : 0.705394190871
RF : 0.815352697095
Neural Network : 0.684647302905
200 Days Prediction Accuracies
Linear : 0.00729995303075
LR : 0.55601659751
KNN : 0.763485477178
SVM : 0.705394190871
RF : 0.844398340249
Neural Network : 0.684647302905