Dates from 700 Days
 50 Days Prediction Accuracy
Linear : 0.00584641693607
LR : 0.569093610698
KNN : 0.754829123328
SVM : 0.704309063893
RF : 0.806835066865
Neural Network : 0.676077265973
100 Days Prediction Accuracies
Linear : 0.00584641693607
LR : 0.569093610698
KNN : 0.754829123328
SVM : 0.704309063893
RF : 0.835066864785
Neural Network : 0.676077265973
200 Days Prediction Accuracies
Linear : 0.00584641693607
LR : 0.569093610698
KNN : 0.754829123328
SVM : 0.704309063893
RF : 0.809806835067
Neural Network : 0.676077265973