Dates from 1000 Days
 50 Days Prediction Accuracy
Linear : 0.00518148104771
LR : 0.545738045738
KNN : 0.753638253638
SVM : 0.716216216216
RF : 0.809771309771
Neural Network : 0.615384615385
100 Days Prediction Accuracies
Linear : 0.00518148104771
LR : 0.545738045738
KNN : 0.753638253638
SVM : 0.716216216216
RF : 0.801455301455
Neural Network : 0.615384615385
200 Days Prediction Accuracies
Linear : 0.00518148104771
LR : 0.545738045738
KNN : 0.753638253638
SVM : 0.716216216216
RF : 0.805613305613
Neural Network : 0.615384615385