Dates from 1500 Days
 50 Days Prediction Accuracy
Linear : 0.00443643062812
LR : 0.544260027663
KNN : 0.752420470263
SVM : 0.712309820194
RF : 0.824343015214
Neural Network : 0.598201936376
100 Days Prediction Accuracies
Linear : 0.00443643062812
LR : 0.544260027663
KNN : 0.752420470263
SVM : 0.712309820194
RF : 0.822268326418
Neural Network : 0.598201936376
200 Days Prediction Accuracies
Linear : 0.00443643062812
LR : 0.544260027663
KNN : 0.752420470263
SVM : 0.712309820194
RF : 0.805670816044
Neural Network : 0.598201936376