Dates from 440 Days
 50 Days Prediction Accuracy
Linear : 0.00550371265516
LR : 0.556603773585
KNN : 0.771226415094
SVM : 0.820754716981
RF : 0.919811320755
Neural Network : 0.733490566038
100 Days Prediction Accuracies
Linear : 0.00550371265516
LR : 0.556603773585
KNN : 0.771226415094
SVM : 0.820754716981
RF : 0.924528301887
Neural Network : 0.733490566038
200 Days Prediction Accuracies
Linear : 0.00550371265516
LR : 0.556603773585
KNN : 0.771226415094
SVM : 0.820754716981
RF : 0.908018867925
Neural Network : 0.733490566038