Dates from 420 Days
 50 Days Prediction Accuracy
Linear : 0.00592446826613
LR : 0.544554455446
KNN : 0.777227722772
SVM : 0.836633663366
RF : 0.905940594059
Neural Network : 0.752475247525
100 Days Prediction Accuracies
Linear : 0.00592446826613
LR : 0.544554455446
KNN : 0.777227722772
SVM : 0.836633663366
RF : 0.915841584158
Neural Network : 0.752475247525
200 Days Prediction Accuracies
Linear : 0.00592446826613
LR : 0.544554455446
KNN : 0.777227722772
SVM : 0.836633663366
RF : 0.923267326733
Neural Network : 0.752475247525