Dates from 3200 Days
 50 Days Prediction Accuracy
Linear : 0.00253192796897
LR : 0.541329011345
KNN : 0.746515397083
SVM : 0.834359805511
RF : 0.914424635332
Neural Network : 0.559481361426
100 Days Prediction Accuracies
Linear : 0.00253192796897
LR : 0.541329011345
KNN : 0.746515397083
SVM : 0.834359805511
RF : 0.909886547812
Neural Network : 0.559481361426
200 Days Prediction Accuracies
Linear : 0.00253192796897
LR : 0.541329011345
KNN : 0.746515397083
SVM : 0.834359805511
RF : 0.913452188006
Neural Network : 0.559481361426