Dates from 360 Days
 50 Days Prediction Accuracy
Linear : 0.00817083573387
LR : 0.559420289855
KNN : 0.779710144928
SVM : 0.834782608696
RF : 0.898550724638
Neural Network : 0.750724637681
100 Days Prediction Accuracies
Linear : 0.00817083573387
LR : 0.559420289855
KNN : 0.779710144928
SVM : 0.834782608696
RF : 0.889855072464
Neural Network : 0.750724637681
200 Days Prediction Accuracies
Linear : 0.00817083573387
LR : 0.559420289855
KNN : 0.779710144928
SVM : 0.834782608696
RF : 0.907246376812
Neural Network : 0.750724637681