Dates from 180 Days
 50 Days Prediction Accuracy
Linear : 0.0211617620196
LR : 0.612716763006
KNN : 0.728323699422
SVM : 0.867052023121
RF : 0.907514450867
Neural Network : 0.890173410405
100 Days Prediction Accuracies
Linear : 0.0211617620196
LR : 0.612716763006
KNN : 0.728323699422
SVM : 0.867052023121
RF : 0.878612716763
Neural Network : 0.890173410405
200 Days Prediction Accuracies
Linear : 0.0211617620196
LR : 0.612716763006
KNN : 0.728323699422
SVM : 0.867052023121
RF : 0.919075144509
Neural Network : 0.890173410405