Dates from 2400 Days
 50 Days Prediction Accuracy
Linear : 0.00348089444276
LR : 0.547104580812
KNN : 0.747191011236
SVM : 0.841832324978
RF : 0.918323249784
Neural Network : 0.565687121867
100 Days Prediction Accuracies
Linear : 0.00348089444276
LR : 0.547104580812
KNN : 0.747191011236
SVM : 0.841832324978
RF : 0.919187554019
Neural Network : 0.565687121867
200 Days Prediction Accuracies
Linear : 0.00348089444276
LR : 0.547104580812
KNN : 0.747191011236
SVM : 0.841832324978
RF : 0.919187554019
Neural Network : 0.565687121867