Dates from 460 Days
 50 Days Prediction Accuracy
Linear : 0.00613776291636
LR : 0.555304740406
KNN : 0.765237020316
SVM : 0.828442437923
RF : 0.925507900677
Neural Network : 0.717832957111
100 Days Prediction Accuracies
Linear : 0.00613776291636
LR : 0.555304740406
KNN : 0.765237020316
SVM : 0.828442437923
RF : 0.909706546275
Neural Network : 0.717832957111
200 Days Prediction Accuracies
Linear : 0.00613776291636
LR : 0.555304740406
KNN : 0.765237020316
SVM : 0.828442437923
RF : 0.918735891648
Neural Network : 0.717832957111