Dates from 160 Days
 50 Days Prediction Accuracy
Linear : 0.0148526902493
LR : 0.581699346405
KNN : 0.712418300654
SVM : 0.875816993464
RF : 0.882352941176
Neural Network : 0.849673202614
100 Days Prediction Accuracies
Linear : 0.0148526902493
LR : 0.581699346405
KNN : 0.712418300654
SVM : 0.875816993464
RF : 0.901960784314
Neural Network : 0.849673202614
200 Days Prediction Accuracies
Linear : 0.0148526902493
LR : 0.581699346405
KNN : 0.712418300654
SVM : 0.875816993464
RF : 0.895424836601
Neural Network : 0.849673202614