Dates from 130 Days
 50 Days Prediction Accuracy
Linear : 0.00771605048077
LR : 0.564516129032
KNN : 0.677419354839
SVM : 0.879032258065
RF : 0.879032258065
Neural Network : 0.854838709677
100 Days Prediction Accuracies
Linear : 0.00771605048077
LR : 0.564516129032
KNN : 0.677419354839
SVM : 0.879032258065
RF : 0.91935483871
Neural Network : 0.854838709677
200 Days Prediction Accuracies
Linear : 0.00771605048077
LR : 0.564516129032
KNN : 0.677419354839
SVM : 0.879032258065
RF : 0.943548387097
Neural Network : 0.854838709677