Dates from 1700 Days
 50 Days Prediction Accuracy
Linear : 0.00360029670319
LR : 0.546064673581
KNN : 0.754728492984
SVM : 0.820622330689
RF : 0.90726052471
Neural Network : 0.578401464308
100 Days Prediction Accuracies
Linear : 0.00360029670319
LR : 0.546064673581
KNN : 0.754728492984
SVM : 0.820622330689
RF : 0.913361805979
Neural Network : 0.578401464308
200 Days Prediction Accuracies
Linear : 0.00360029670319
LR : 0.546064673581
KNN : 0.754728492984
SVM : 0.820622330689
RF : 0.901159243441
Neural Network : 0.578401464308