Dates from 1900 Days
 50 Days Prediction Accuracy
Linear : 0.00385485346759
LR : 0.539049699618
KNN : 0.758601856909
SVM : 0.827962861824
RF : 0.901146914255
Neural Network : 0.582741671218
100 Days Prediction Accuracies
Linear : 0.00385485346759
LR : 0.539049699618
KNN : 0.758601856909
SVM : 0.827962861824
RF : 0.90824685964
Neural Network : 0.582741671218
200 Days Prediction Accuracies
Linear : 0.00385485346759
LR : 0.539049699618
KNN : 0.758601856909
SVM : 0.827962861824
RF : 0.904423812125
Neural Network : 0.582741671218