Dates from 2700 Days
 50 Days Prediction Accuracy
Linear : 0.00241112173614
LR : 0.540145985401
KNN : 0.736842105263
SVM : 0.840184402612
RF : 0.905109489051
Neural Network : 0.588551671149
100 Days Prediction Accuracies
Linear : 0.00241112173614
LR : 0.540145985401
KNN : 0.736842105263
SVM : 0.840184402612
RF : 0.909335382251
Neural Network : 0.588551671149
200 Days Prediction Accuracies
Linear : 0.00241112173614
LR : 0.540145985401
KNN : 0.736842105263
SVM : 0.840184402612
RF : 0.915097963888
Neural Network : 0.588551671149