Dates from 2600 Days
 50 Days Prediction Accuracy
Linear : 0.00258143425983
LR : 0.54625199362
KNN : 0.741626794258
SVM : 0.83971291866
RF : 0.904704944179
Neural Network : 0.577352472089
100 Days Prediction Accuracies
Linear : 0.00258143425983
LR : 0.54625199362
KNN : 0.741626794258
SVM : 0.83971291866
RF : 0.911483253589
Neural Network : 0.577352472089
200 Days Prediction Accuracies
Linear : 0.00258143425983
LR : 0.54625199362
KNN : 0.741626794258
SVM : 0.83971291866
RF : 0.909090909091
Neural Network : 0.577352472089