Dates from 230 Days
 50 Days Prediction Accuracy
Linear : 0.0137183328255
LR : 0.588235294118
KNN : 0.710407239819
SVM : 0.823529411765
RF : 0.918552036199
Neural Network : 0.755656108597
100 Days Prediction Accuracies
Linear : 0.0137183328255
LR : 0.588235294118
KNN : 0.710407239819
SVM : 0.823529411765
RF : 0.923076923077
Neural Network : 0.755656108597
200 Days Prediction Accuracies
Linear : 0.0137183328255
LR : 0.588235294118
KNN : 0.710407239819
SVM : 0.823529411765
RF : 0.900452488688
Neural Network : 0.755656108597