Dates from 320 Days
 50 Days Prediction Accuracy
Linear : 0.0126876422973
LR : 0.558823529412
KNN : 0.738562091503
SVM : 0.83660130719
RF : 0.924836601307
Neural Network : 0.777777777778
100 Days Prediction Accuracies
Linear : 0.0126876422973
LR : 0.558823529412
KNN : 0.738562091503
SVM : 0.83660130719
RF : 0.915032679739
Neural Network : 0.777777777778
200 Days Prediction Accuracies
Linear : 0.0126876422973
LR : 0.558823529412
KNN : 0.738562091503
SVM : 0.83660130719
RF : 0.892156862745
Neural Network : 0.777777777778