Dates from 1400 Days
 50 Days Prediction Accuracy
Linear : 0.00367330920343
LR : 0.54821958457
KNN : 0.758160237389
SVM : 0.795252225519
RF : 0.902077151335
Neural Network : 0.631305637982
100 Days Prediction Accuracies
Linear : 0.00367330920343
LR : 0.54821958457
KNN : 0.758160237389
SVM : 0.795252225519
RF : 0.910979228487
Neural Network : 0.631305637982
200 Days Prediction Accuracies
Linear : 0.00367330920343
LR : 0.54821958457
KNN : 0.758160237389
SVM : 0.795252225519
RF : 0.913946587537
Neural Network : 0.631305637982