Dates from 1500 Days
 50 Days Prediction Accuracy
Linear : 0.00443643062812
LR : 0.544260027663
KNN : 0.752420470263
SVM : 0.795988934993
RF : 0.924619640387
Neural Network : 0.595435684647
100 Days Prediction Accuracies
Linear : 0.00443643062812
LR : 0.544260027663
KNN : 0.752420470263
SVM : 0.795988934993
RF : 0.908713692946
Neural Network : 0.595435684647
200 Days Prediction Accuracies
Linear : 0.00443643062812
LR : 0.544260027663
KNN : 0.752420470263
SVM : 0.795988934993
RF : 0.911479944675
Neural Network : 0.595435684647