Dates from 1100 Days
 50 Days Prediction Accuracy
Linear : 0.00508707746585
LR : 0.547686496695
KNN : 0.778092540132
SVM : 0.81208687441
RF : 0.920679886686
Neural Network : 0.627006610009
100 Days Prediction Accuracies
Linear : 0.00508707746585
LR : 0.547686496695
KNN : 0.778092540132
SVM : 0.81208687441
RF : 0.913125590179
Neural Network : 0.627006610009
200 Days Prediction Accuracies
Linear : 0.00508707746585
LR : 0.547686496695
KNN : 0.778092540132
SVM : 0.81208687441
RF : 0.920679886686
Neural Network : 0.627006610009