Dates from 170 Days
 50 Days Prediction Accuracy
Linear : 0.0143789295173
LR : 0.564417177914
KNN : 0.736196319018
SVM : 0.889570552147
RF : 0.871165644172
Neural Network : 0.877300613497
100 Days Prediction Accuracies
Linear : 0.0143789295173
LR : 0.564417177914
KNN : 0.736196319018
SVM : 0.889570552147
RF : 0.889570552147
Neural Network : 0.877300613497
200 Days Prediction Accuracies
Linear : 0.0143789295173
LR : 0.564417177914
KNN : 0.736196319018
SVM : 0.889570552147
RF : 0.907975460123
Neural Network : 0.877300613497