Dates from 470 Days
 50 Days Prediction Accuracy
Linear : 0.00608250934487
LR : 0.556291390728
KNN : 0.759381898455
SVM : 0.836644591611
RF : 0.909492273731
Neural Network : 0.715231788079
100 Days Prediction Accuracies
Linear : 0.00608250934487
LR : 0.556291390728
KNN : 0.759381898455
SVM : 0.836644591611
RF : 0.913907284768
Neural Network : 0.715231788079
200 Days Prediction Accuracies
Linear : 0.00608250934487
LR : 0.556291390728
KNN : 0.759381898455
SVM : 0.836644591611
RF : 0.896247240618
Neural Network : 0.715231788079