Dates from 480 Days
 50 Days Prediction Accuracy
Linear : 0.00649205410046
LR : 0.560606060606
KNN : 0.761904761905
SVM : 0.820346320346
RF : 0.898268398268
Neural Network : 0.714285714286
100 Days Prediction Accuracies
Linear : 0.00649205410046
LR : 0.560606060606
KNN : 0.761904761905
SVM : 0.820346320346
RF : 0.906926406926
Neural Network : 0.714285714286
200 Days Prediction Accuracies
Linear : 0.00649205410046
LR : 0.560606060606
KNN : 0.761904761905
SVM : 0.820346320346
RF : 0.943722943723
Neural Network : 0.714285714286