Dates from 270 Days
 50 Days Prediction Accuracy
Linear : 0.0147527326206
LR : 0.538461538462
KNN : 0.7
SVM : 0.846153846154
RF : 0.911538461538
Neural Network : 0.815384615385
100 Days Prediction Accuracies
Linear : 0.0147527326206
LR : 0.538461538462
KNN : 0.7
SVM : 0.846153846154
RF : 0.884615384615
Neural Network : 0.815384615385
200 Days Prediction Accuracies
Linear : 0.0147527326206
LR : 0.538461538462
KNN : 0.7
SVM : 0.846153846154
RF : 0.911538461538
Neural Network : 0.815384615385