Dates from 410 Days
 50 Days Prediction Accuracy
Linear : 0.00647503082637
LR : 0.548223350254
KNN : 0.779187817259
SVM : 0.835025380711
RF : 0.91116751269
Neural Network : 0.756345177665
100 Days Prediction Accuracies
Linear : 0.00647503082637
LR : 0.548223350254
KNN : 0.779187817259
SVM : 0.835025380711
RF : 0.888324873096
Neural Network : 0.756345177665
200 Days Prediction Accuracies
Linear : 0.00647503082637
LR : 0.548223350254
KNN : 0.779187817259
SVM : 0.835025380711
RF : 0.913705583756
Neural Network : 0.756345177665