Dates from 280 Days
 50 Days Prediction Accuracy
Linear : 0.0157680804659
LR : 0.551851851852
KNN : 0.707407407407
SVM : 0.833333333333
RF : 0.903703703704
Neural Network : 0.807407407407
100 Days Prediction Accuracies
Linear : 0.0157680804659
LR : 0.551851851852
KNN : 0.707407407407
SVM : 0.833333333333
RF : 0.881481481481
Neural Network : 0.807407407407
200 Days Prediction Accuracies
Linear : 0.0157680804659
LR : 0.551851851852
KNN : 0.707407407407
SVM : 0.833333333333
RF : 0.918518518519
Neural Network : 0.807407407407