Dates from 3100 Days
 50 Days Prediction Accuracy
Linear : 0.00213249014821
LR : 0.538127090301
KNN : 0.741471571906
SVM : 0.835451505017
RF : 0.91237458194
Neural Network : 0.566555183946
100 Days Prediction Accuracies
Linear : 0.00213249014821
LR : 0.538127090301
KNN : 0.741471571906
SVM : 0.835451505017
RF : 0.915050167224
Neural Network : 0.566555183946
200 Days Prediction Accuracies
Linear : 0.00213249014821
LR : 0.538127090301
KNN : 0.741471571906
SVM : 0.835451505017
RF : 0.91237458194
Neural Network : 0.566555183946