Dates from 190 Days
 50 Days Prediction Accuracy
Linear : 0.0100151503802
LR : 0.593406593407
KNN : 0.736263736264
SVM : 0.873626373626
RF : 0.912087912088
Neural Network : 0.857142857143
100 Days Prediction Accuracies
Linear : 0.0100151503802
LR : 0.593406593407
KNN : 0.736263736264
SVM : 0.873626373626
RF : 0.93956043956
Neural Network : 0.857142857143
200 Days Prediction Accuracies
Linear : 0.0100151503802
LR : 0.593406593407
KNN : 0.736263736264
SVM : 0.873626373626
RF : 0.884615384615
Neural Network : 0.857142857143