Dates from 2300 Days
 50 Days Prediction Accuracy
Linear : 0.00303582555604
LR : 0.548037889039
KNN : 0.750112764998
SVM : 0.83852052323
RF : 0.906630581867
Neural Network : 0.557059088859
100 Days Prediction Accuracies
Linear : 0.00303582555604
LR : 0.548037889039
KNN : 0.750112764998
SVM : 0.83852052323
RF : 0.900315741994
Neural Network : 0.557059088859
200 Days Prediction Accuracies
Linear : 0.00303582555604
LR : 0.548037889039
KNN : 0.750112764998
SVM : 0.83852052323
RF : 0.907081641858
Neural Network : 0.557059088859