Dates from 310 Days
 50 Days Prediction Accuracy
Linear : 0.00561807837549
LR : 0.567272727273
KNN : 0.765454545455
SVM : 0.809090909091
RF : 0.889090909091
Neural Network : 0.674545454545
100 Days Prediction Accuracies
Linear : 0.00561807837549
LR : 0.567272727273
KNN : 0.765454545455
SVM : 0.809090909091
RF : 0.907272727273
Neural Network : 0.674545454545
200 Days Prediction Accuracies
Linear : 0.00561807837549
LR : 0.567272727273
KNN : 0.765454545455
SVM : 0.809090909091
RF : 0.909090909091
Neural Network : 0.674545454545