Dates from 500 Days
 50 Days Prediction Accuracy
Linear : 0.00729995303075
LR : 0.55601659751
KNN : 0.765560165975
SVM : 0.811203319502
RF : 0.908713692946
Neural Network : 0.726141078838
100 Days Prediction Accuracies
Linear : 0.00729995303075
LR : 0.55601659751
KNN : 0.765560165975
SVM : 0.811203319502
RF : 0.910788381743
Neural Network : 0.726141078838
200 Days Prediction Accuracies
Linear : 0.00729995303075
LR : 0.55601659751
KNN : 0.765560165975
SVM : 0.811203319502
RF : 0.910788381743
Neural Network : 0.726141078838