Dates from 400 Days
 50 Days Prediction Accuracy
Linear : 0.00675204357541
LR : 0.555844155844
KNN : 0.779220779221
SVM : 0.823376623377
RF : 0.935064935065
Neural Network : 0.711688311688
100 Days Prediction Accuracies
Linear : 0.00675204357541
LR : 0.555844155844
KNN : 0.779220779221
SVM : 0.823376623377
RF : 0.916883116883
Neural Network : 0.711688311688
200 Days Prediction Accuracies
Linear : 0.00675204357541
LR : 0.555844155844
KNN : 0.779220779221
SVM : 0.823376623377
RF : 0.903896103896
Neural Network : 0.711688311688