Dates from 200 Days
 50 Days Prediction Accuracy
Linear : 0.0392316467696
LR : 0.578125
KNN : 0.744791666667
SVM : 0.729166666667
RF : 0.901041666667
Neural Network : 0.598958333333
100 Days Prediction Accuracies
Linear : 0.0093977095149
LR : 0.59375
KNN : 0.723958333333
SVM : 0.854166666667
RF : 0.911458333333
Neural Network : 0.833333333333
200 Days Prediction Accuracies
Linear : 0.0093977095149
LR : 0.59375
KNN : 0.723958333333
SVM : 0.854166666667
RF : 0.890625
Neural Network : 0.833333333333