Dates from 250 Days
 50 Days Prediction Accuracy
Linear : 0.0100488325936
LR : 0.570833333333
KNN : 0.708333333333
SVM : 0.833333333333
RF : 0.9
Neural Network : 0.804166666667
100 Days Prediction Accuracies
Linear : 0.0100488325936
LR : 0.570833333333
KNN : 0.708333333333
SVM : 0.833333333333
RF : 0.9125
Neural Network : 0.804166666667
200 Days Prediction Accuracies
Linear : 0.0100488325936
LR : 0.570833333333
KNN : 0.708333333333
SVM : 0.833333333333
RF : 0.8875
Neural Network : 0.804166666667