Dates from 2200 Days
 50 Days Prediction Accuracy
Linear : 0.00361429746249
LR : 0.545754716981
KNN : 0.749528301887
SVM : 0.832075471698
RF : 0.91320754717
Neural Network : 0.580660377358
100 Days Prediction Accuracies
Linear : 0.00361429746249
LR : 0.545754716981
KNN : 0.749528301887
SVM : 0.832075471698
RF : 0.913679245283
Neural Network : 0.580660377358
200 Days Prediction Accuracies
Linear : 0.00361429746249
LR : 0.545754716981
KNN : 0.749528301887
SVM : 0.832075471698
RF : 0.900943396226
Neural Network : 0.580660377358