Dates from 350 Days
 50 Days Prediction Accuracy
Linear : 0.0102939992398
LR : 0.564179104478
KNN : 0.776119402985
SVM : 0.829850746269
RF : 0.910447761194
Neural Network : 0.740298507463
100 Days Prediction Accuracies
Linear : 0.0102939992398
LR : 0.564179104478
KNN : 0.776119402985
SVM : 0.829850746269
RF : 0.90447761194
Neural Network : 0.740298507463
200 Days Prediction Accuracies
Linear : 0.0102939992398
LR : 0.564179104478
KNN : 0.776119402985
SVM : 0.829850746269
RF : 0.892537313433
Neural Network : 0.740298507463