Dates from 200 Days DJI
 50 Days Prediction Accuracy
Linear : 0.047701664329
LR : 0.59375
KNN : 0.713541666667
SVM : 0.755208333333
RF : 0.921875
Neural Network : 0.666666666667
100 Days Prediction Accuracies
Linear : 0.0093977095149
LR : 0.59375
KNN : 0.723958333333
SVM : 0.854166666667
RF : 0.880208333333
Neural Network : 0.833333333333
200 Days Prediction Accuracies
Linear : 0.0093977095149
LR : 0.59375
KNN : 0.723958333333
SVM : 0.854166666667
RF : 0.885416666667
Neural Network : 0.833333333333