Dates from 1300 Days
 50 Days Prediction Accuracy
Linear : 0.00402955598233
LR : 0.542697525938
KNN : 0.766959297686
SVM : 0.802873104549
RF : 0.906624102155
Neural Network : 0.62889066241
100 Days Prediction Accuracies
Linear : 0.00402955598233
LR : 0.542697525938
KNN : 0.766959297686
SVM : 0.802873104549
RF : 0.916999201915
Neural Network : 0.62889066241
200 Days Prediction Accuracies
Linear : 0.00402955598233
LR : 0.542697525938
KNN : 0.766959297686
SVM : 0.802873104549
RF : 0.913008778931
Neural Network : 0.62889066241