Dates from 1200 Days
 50 Days Prediction Accuracy
Linear : 0.00353807190553
LR : 0.545847750865
KNN : 0.76124567474
SVM : 0.801903114187
RF : 0.907439446367
Neural Network : 0.620242214533
100 Days Prediction Accuracies
Linear : 0.00353807190553
LR : 0.545847750865
KNN : 0.76124567474
SVM : 0.801903114187
RF : 0.914359861592
Neural Network : 0.620242214533
200 Days Prediction Accuracies
Linear : 0.00353807190553
LR : 0.545847750865
KNN : 0.76124567474
SVM : 0.801903114187
RF : 0.909169550173
Neural Network : 0.620242214533