Dates from 1800 Days
 50 Days Prediction Accuracy
Linear : 0.00256320740023
LR : 0.538594470046
KNN : 0.758640552995
SVM : 0.827188940092
RF : 0.910714285714
Neural Network : 0.602534562212
100 Days Prediction Accuracies
Linear : 0.00256320740023
LR : 0.538594470046
KNN : 0.758640552995
SVM : 0.827188940092
RF : 0.902073732719
Neural Network : 0.602534562212
200 Days Prediction Accuracies
Linear : 0.00256320740023
LR : 0.538594470046
KNN : 0.758640552995
SVM : 0.827188940092
RF : 0.924539170507
Neural Network : 0.602534562212