Dates from 2900 Days
 50 Days Prediction Accuracy
Linear : 0.00188747608145
LR : 0.536646406864
KNN : 0.737218448338
SVM : 0.837325706114
RF : 0.913478727208
Neural Network : 0.553807651055
100 Days Prediction Accuracies
Linear : 0.00188747608145
LR : 0.536646406864
KNN : 0.737218448338
SVM : 0.837325706114
RF : 0.903825527351
Neural Network : 0.553807651055
200 Days Prediction Accuracies
Linear : 0.00188747608145
LR : 0.536646406864
KNN : 0.737218448338
SVM : 0.837325706114
RF : 0.915266356811
Neural Network : 0.554165176975