Dates from 330 Days
 50 Days Prediction Accuracy
Linear : 0.00912811747543
LR : 0.556962025316
KNN : 0.756329113924
SVM : 0.838607594937
RF : 0.920886075949
Neural Network : 0.746835443038
100 Days Prediction Accuracies
Linear : 0.00912811747543
LR : 0.556962025316
KNN : 0.756329113924
SVM : 0.838607594937
RF : 0.911392405063
Neural Network : 0.746835443038
200 Days Prediction Accuracies
Linear : 0.00912811747543
LR : 0.556962025316
KNN : 0.756329113924
SVM : 0.838607594937
RF : 0.905063291139
Neural Network : 0.746835443038