Dates from 240 Days
 50 Days Prediction Accuracy
Linear : 0.00886978859706
LR : 0.573913043478
KNN : 0.695652173913
SVM : 0.834782608696
RF : 0.917391304348
Neural Network : 0.813043478261
100 Days Prediction Accuracies
Linear : 0.00886978859706
LR : 0.573913043478
KNN : 0.695652173913
SVM : 0.834782608696
RF : 0.886956521739
Neural Network : 0.813043478261
200 Days Prediction Accuracies
Linear : 0.00886978859706
LR : 0.573913043478
KNN : 0.695652173913
SVM : 0.834782608696
RF : 0.908695652174
Neural Network : 0.813043478261