Dates from 1000 Days
 50 Days Prediction Accuracy
Linear : 0.00518148104771
LR : 0.545738045738
KNN : 0.762993762994
SVM : 0.817047817048
RF : 0.905405405405
Neural Network : 0.623700623701
100 Days Prediction Accuracies
Linear : 0.00518148104771
LR : 0.545738045738
KNN : 0.762993762994
SVM : 0.817047817048
RF : 0.913721413721
Neural Network : 0.623700623701
200 Days Prediction Accuracies
Linear : 0.00518148104771
LR : 0.545738045738
KNN : 0.762993762994
SVM : 0.817047817048
RF : 0.918918918919
Neural Network : 0.623700623701