Dates from 3300 Days
 50 Days Prediction Accuracy
Linear : 0.00167614913281
LR : 0.539114043355
KNN : 0.744580584354
SVM : 0.835061262959
RF : 0.917687715991
Neural Network : 0.554194156456
100 Days Prediction Accuracies
Linear : 0.00167614913281
LR : 0.539114043355
KNN : 0.744580584354
SVM : 0.835061262959
RF : 0.91328934967
Neural Network : 0.554194156456
200 Days Prediction Accuracies
Linear : 0.00167614913281
LR : 0.539114043355
KNN : 0.744580584354
SVM : 0.835061262959
RF : 0.906691800189
Neural Network : 0.554194156456