Dates from 220 Days
 50 Days Prediction Accuracy
Linear : 0.0108222624928
LR : 0.592417061611
KNN : 0.720379146919
SVM : 0.834123222749
RF : 0.895734597156
Neural Network : 0.739336492891
100 Days Prediction Accuracies
Linear : 0.0108222624928
LR : 0.592417061611
KNN : 0.720379146919
SVM : 0.834123222749
RF : 0.914691943128
Neural Network : 0.739336492891
200 Days Prediction Accuracies
Linear : 0.0108222624928
LR : 0.592417061611
KNN : 0.720379146919
SVM : 0.834123222749
RF : 0.895734597156
Neural Network : 0.739336492891