Dates from 2800 Days
 50 Days Prediction Accuracy
Linear : 0.00179620646773
LR : 0.537948907812
KNN : 0.736023694928
SVM : 0.838948537579
RF : 0.917067752684
Neural Network : 0.569418733802
100 Days Prediction Accuracies
Linear : 0.00179620646773
LR : 0.537948907812
KNN : 0.736023694928
SVM : 0.838948537579
RF : 0.906330988523
Neural Network : 0.569418733802
200 Days Prediction Accuracies
Linear : 0.00179620646773
LR : 0.537948907812
KNN : 0.736023694928
SVM : 0.838948537579
RF : 0.91632728619
Neural Network : 0.569418733802