Dates from 120 Days
 50 Days Prediction Accuracy
Linear : 0.00520011245855
LR : 0.543859649123
KNN : 0.649122807018
SVM : 0.885964912281
RF : 0.877192982456
Neural Network : 0.833333333333
100 Days Prediction Accuracies
Linear : 0.00520011245855
LR : 0.543859649123
KNN : 0.649122807018
SVM : 0.885964912281
RF : 0.912280701754
Neural Network : 0.833333333333
200 Days Prediction Accuracies
Linear : 0.00520011245855
LR : 0.543859649123
KNN : 0.649122807018
SVM : 0.885964912281
RF : 0.938596491228
Neural Network : 0.833333333333