Dates from 800 Days
 50 Days Prediction Accuracy
Linear : 0.00286870291435
LR : 0.549350649351
KNN : 0.771428571429
SVM : 0.798701298701
RF : 0.903896103896
Neural Network : 0.654545454545
100 Days Prediction Accuracies
Linear : 0.00286870291435
LR : 0.549350649351
KNN : 0.771428571429
SVM : 0.798701298701
RF : 0.912987012987
Neural Network : 0.654545454545
200 Days Prediction Accuracies
Linear : 0.00286870291435
LR : 0.549350649351
KNN : 0.771428571429
SVM : 0.798701298701
RF : 0.902597402597
Neural Network : 0.654545454545