Dates from 600 Days
 50 Days Prediction Accuracy
Linear : 0.00502609213883
LR : 0.573656845754
KNN : 0.769497400347
SVM : 0.800693240901
RF : 0.911611785095
Neural Network : 0.682842287695
100 Days Prediction Accuracies
Linear : 0.00502609213883
LR : 0.573656845754
KNN : 0.769497400347
SVM : 0.800693240901
RF : 0.906412478336
Neural Network : 0.682842287695
200 Days Prediction Accuracies
Linear : 0.00502609213883
LR : 0.573656845754
KNN : 0.769497400347
SVM : 0.800693240901
RF : 0.92027729636
Neural Network : 0.682842287695