Dates from 370 Days
 50 Days Prediction Accuracy
Linear : 0.00684961836544
LR : 0.554929577465
KNN : 0.774647887324
SVM : 0.83661971831
RF : 0.921126760563
Neural Network : 0.70985915493
100 Days Prediction Accuracies
Linear : 0.00684961836544
LR : 0.554929577465
KNN : 0.774647887324
SVM : 0.83661971831
RF : 0.932394366197
Neural Network : 0.70985915493
200 Days Prediction Accuracies
Linear : 0.00684961836544
LR : 0.554929577465
KNN : 0.774647887324
SVM : 0.83661971831
RF : 0.901408450704
Neural Network : 0.70985915493