Dates from 2000 Days
 50 Days Prediction Accuracy
Linear : 0.00358491488291
LR : 0.541731467081
KNN : 0.747537584241
SVM : 0.828408501814
RF : 0.908242612753
Neural Network : 0.604976671851
100 Days Prediction Accuracies
Linear : 0.00358491488291
LR : 0.541731467081
KNN : 0.747537584241
SVM : 0.828408501814
RF : 0.920684292379
Neural Network : 0.604976671851
200 Days Prediction Accuracies
Linear : 0.00358491488291
LR : 0.541731467081
KNN : 0.747537584241
SVM : 0.828408501814
RF : 0.911871435977
Neural Network : 0.604976671851