Dates from 3000 Days
 50 Days Prediction Accuracy
Linear : 0.00203906201178
LR : 0.537158658832
KNN : 0.743518838576
SVM : 0.835464915313
RF : 0.917732457656
Neural Network : 0.563774628413
100 Days Prediction Accuracies
Linear : 0.00203906201178
LR : 0.537158658832
KNN : 0.743518838576
SVM : 0.835464915313
RF : 0.916004147943
Neural Network : 0.563774628413
200 Days Prediction Accuracies
Linear : 0.00203906201178
LR : 0.537158658832
KNN : 0.743518838576
SVM : 0.835464915313
RF : 0.905288627722
Neural Network : 0.563774628413