Dates from 380 Days
 50 Days Prediction Accuracy
Linear : 0.00651963863914
LR : 0.556164383562
KNN : 0.772602739726
SVM : 0.852054794521
RF : 0.904109589041
Neural Network : 0.72602739726
100 Days Prediction Accuracies
Linear : 0.00651963863914
LR : 0.556164383562
KNN : 0.772602739726
SVM : 0.852054794521
RF : 0.928767123288
Neural Network : 0.72602739726
200 Days Prediction Accuracies
Linear : 0.00651963863914
LR : 0.556164383562
KNN : 0.772602739726
SVM : 0.852054794521
RF : 0.917808219178
Neural Network : 0.72602739726