Dates from 150 Days
 50 Days Prediction Accuracy
Linear : 0.0131240580495
LR : 0.587412587413
KNN : 0.727272727273
SVM : 0.902097902098
RF : 0.888111888112
Neural Network : 0.86013986014
100 Days Prediction Accuracies
Linear : 0.0131240580495
LR : 0.587412587413
KNN : 0.727272727273
SVM : 0.902097902098
RF : 0.93006993007
Neural Network : 0.86013986014
200 Days Prediction Accuracies
Linear : 0.0131240580495
LR : 0.587412587413
KNN : 0.727272727273
SVM : 0.902097902098
RF : 0.916083916084
Neural Network : 0.86013986014