Dates from 290 Days
 50 Days Prediction Accuracy
Linear : 0.0116452519704
LR : 0.566308243728
KNN : 0.706093189964
SVM : 0.84229390681
RF : 0.910394265233
Neural Network : 0.759856630824
100 Days Prediction Accuracies
Linear : 0.0116452519704
LR : 0.566308243728
KNN : 0.706093189964
SVM : 0.84229390681
RF : 0.906810035842
Neural Network : 0.759856630824
200 Days Prediction Accuracies
Linear : 0.0116452519704
LR : 0.566308243728
KNN : 0.706093189964
SVM : 0.84229390681
RF : 0.921146953405
Neural Network : 0.759856630824