Dates from 700 Days
 50 Days Prediction Accuracy
Linear : 0.00584641693607
LR : 0.569093610698
KNN : 0.768202080238
SVM : 0.793462109955
RF : 0.912332838039
Neural Network : 0.676077265973
100 Days Prediction Accuracies
Linear : 0.00584641693607
LR : 0.569093610698
KNN : 0.768202080238
SVM : 0.793462109955
RF : 0.912332838039
Neural Network : 0.676077265973
200 Days Prediction Accuracies
Linear : 0.00584641693607
LR : 0.569093610698
KNN : 0.768202080238
SVM : 0.793462109955
RF : 0.910846953938
Neural Network : 0.676077265973