Dates from 2500 Days
 50 Days Prediction Accuracy
Linear : 0.00360930204743
LR : 0.546473029046
KNN : 0.745228215768
SVM : 0.841908713693
RF : 0.912033195021
Neural Network : 0.582987551867
100 Days Prediction Accuracies
Linear : 0.00360930204743
LR : 0.546473029046
KNN : 0.745228215768
SVM : 0.841908713693
RF : 0.917427385892
Neural Network : 0.582987551867
200 Days Prediction Accuracies
Linear : 0.00360930204743
LR : 0.546473029046
KNN : 0.745228215768
SVM : 0.841908713693
RF : 0.913692946058
Neural Network : 0.582987551867