Dates from 1600 Days
 50 Days Prediction Accuracy
Linear : 0.00363035253893
LR : 0.546986390149
KNN : 0.754374594945
SVM : 0.810110174984
RF : 0.925469863901
Neural Network : 0.589112119248
100 Days Prediction Accuracies
Linear : 0.00363035253893
LR : 0.546986390149
KNN : 0.754374594945
SVM : 0.810110174984
RF : 0.908619572262
Neural Network : 0.589112119248
200 Days Prediction Accuracies
Linear : 0.00363035253893
LR : 0.546986390149
KNN : 0.754374594945
SVM : 0.810110174984
RF : 0.902786779002
Neural Network : 0.589112119248