Dates from 200 Days
 50 Days Prediction Accuracy
Linear : 0.0093977095149
LR : 0.59375
KNN : 0.723958333333
SVM : 0.854166666667
RF : 0.916666666667
Neural Network : 0.833333333333
100 Days Prediction Accuracies
Linear : 0.0093977095149
LR : 0.59375
KNN : 0.723958333333
SVM : 0.854166666667
RF : 0.895833333333
Neural Network : 0.833333333333
200 Days Prediction Accuracies
Linear : 0.0093977095149
LR : 0.59375
KNN : 0.723958333333
SVM : 0.854166666667
RF : 0.911458333333
Neural Network : 0.833333333333