Dates from 110 Days
 50 Days Prediction Accuracy
Linear : 0.0153936108138
LR : 0.586538461538
KNN : 0.692307692308
SVM : 0.884615384615
RF : 0.884615384615
Neural Network : 0.788461538462
100 Days Prediction Accuracies
Linear : 0.0153936108138
LR : 0.586538461538
KNN : 0.692307692308
SVM : 0.884615384615
RF : 0.865384615385
Neural Network : 0.788461538462
200 Days Prediction Accuracies
Linear : 0.0153936108138
LR : 0.586538461538
KNN : 0.692307692308
SVM : 0.884615384615
RF : 0.875
Neural Network : 0.788461538462