Dates from 2100 Days
 50 Days Prediction Accuracy
Linear : 0.00279193489392
LR : 0.54146100691
KNN : 0.749753208292
SVM : 0.830207305035
RF : 0.910167818361
Neural Network : 0.588351431392
100 Days Prediction Accuracies
Linear : 0.00279193489392
LR : 0.54146100691
KNN : 0.749753208292
SVM : 0.830207305035
RF : 0.902270483712
Neural Network : 0.588351431392
200 Days Prediction Accuracies
Linear : 0.00279193489392
LR : 0.54146100691
KNN : 0.749753208292
SVM : 0.830207305035
RF : 0.91707798618
Neural Network : 0.588351431392