Dates from 450 Days
 50 Days Prediction Accuracy
Linear : 0.00411940099938
LR : 0.551963048499
KNN : 0.771362586605
SVM : 0.819861431871
RF : 0.921478060046
Neural Network : 0.713625866051
100 Days Prediction Accuracies
Linear : 0.00411940099938
LR : 0.551963048499
KNN : 0.771362586605
SVM : 0.819861431871
RF : 0.933025404157
Neural Network : 0.713625866051
200 Days Prediction Accuracies
Linear : 0.00411940099938
LR : 0.551963048499
KNN : 0.771362586605
SVM : 0.819861431871
RF : 0.935334872979
Neural Network : 0.713625866051