Dates from 300 Days
 50 Days Prediction Accuracy
Linear : 0.0133016194951
LR : 0.570934256055
KNN : 0.712802768166
SVM : 0.847750865052
RF : 0.910034602076
Neural Network : 0.80276816609
100 Days Prediction Accuracies
Linear : 0.0133016194951
LR : 0.570934256055
KNN : 0.712802768166
SVM : 0.847750865052
RF : 0.906574394464
Neural Network : 0.80276816609
200 Days Prediction Accuracies
Linear : 0.0133016194951
LR : 0.570934256055
KNN : 0.712802768166
SVM : 0.847750865052
RF : 0.840830449827
Neural Network : 0.80276816609