Dates from 430 Days
 50 Days Prediction Accuracy
Linear : 0.00581688879827
LR : 0.553140096618
KNN : 0.772946859903
SVM : 0.826086956522
RF : 0.8961352657
Neural Network : 0.760869565217
100 Days Prediction Accuracies
Linear : 0.00581688879827
LR : 0.553140096618
KNN : 0.772946859903
SVM : 0.826086956522
RF : 0.8961352657
Neural Network : 0.760869565217
200 Days Prediction Accuracies
Linear : 0.00581688879827
LR : 0.553140096618
KNN : 0.772946859903
SVM : 0.826086956522
RF : 0.929951690821
Neural Network : 0.760869565217