Dates from 100 Days
 50 Days Prediction Accuracy
Linear : 0.0208513644531
LR : 0.585106382979
KNN : 0.63829787234
SVM : 0.904255319149
RF : 0.893617021277
Neural Network : 0.659574468085
100 Days Prediction Accuracies
Linear : 0.0208513644531
LR : 0.585106382979
KNN : 0.63829787234
SVM : 0.904255319149
RF : 0.882978723404
Neural Network : 0.659574468085
200 Days Prediction Accuracies
Linear : 0.0208513644531
LR : 0.585106382979
KNN : 0.63829787234
SVM : 0.904255319149
RF : 0.86170212766
Neural Network : 0.659574468085