Dates from 340 Days
 50 Days Prediction Accuracy
Linear : 0.0112148393977
LR : 0.556923076923
KNN : 0.756923076923
SVM : 0.836923076923
RF : 0.901538461538
Neural Network : 0.76
100 Days Prediction Accuracies
Linear : 0.0112148393977
LR : 0.556923076923
KNN : 0.756923076923
SVM : 0.836923076923
RF : 0.910769230769
Neural Network : 0.76
200 Days Prediction Accuracies
Linear : 0.0112148393977
LR : 0.556923076923
KNN : 0.756923076923
SVM : 0.836923076923
RF : 0.923076923077
Neural Network : 0.76