Dates from 140 Days
 50 Days Prediction Accuracy
Linear : 0.0103347683236
LR : 0.537313432836
KNN : 0.686567164179
SVM : 0.865671641791
RF : 0.910447761194
Neural Network : 0.835820895522
100 Days Prediction Accuracies
Linear : 0.0103347683236
LR : 0.537313432836
KNN : 0.686567164179
SVM : 0.865671641791
RF : 0.910447761194
Neural Network : 0.835820895522
200 Days Prediction Accuracies
Linear : 0.0103347683236
LR : 0.537313432836
KNN : 0.686567164179
SVM : 0.865671641791
RF : 0.932835820896
Neural Network : 0.835820895522