Dates from 210 Days
 50 Days Prediction Accuracy
Linear : 0.00896000834683
LR : 0.584158415842
KNN : 0.717821782178
SVM : 0.841584158416
RF : 0.915841584158
Neural Network : 0.846534653465
100 Days Prediction Accuracies
Linear : 0.00896000834683
LR : 0.584158415842
KNN : 0.717821782178
SVM : 0.841584158416
RF : 0.915841584158
Neural Network : 0.846534653465
200 Days Prediction Accuracies
Linear : 0.00896000834683
LR : 0.584158415842
KNN : 0.717821782178
SVM : 0.841584158416
RF : 0.930693069307
Neural Network : 0.846534653465