Dates from 900 Days
 50 Days Prediction Accuracy
Linear : 0.00357507938264
LR : 0.553757225434
KNN : 0.767630057803
SVM : 0.809248554913
RF : 0.90289017341
Neural Network : 0.636994219653
100 Days Prediction Accuracies
Linear : 0.00357507938264
LR : 0.553757225434
KNN : 0.767630057803
SVM : 0.809248554913
RF : 0.900578034682
Neural Network : 0.636994219653
200 Days Prediction Accuracies
Linear : 0.00357507938264
LR : 0.553757225434
KNN : 0.767630057803
SVM : 0.809248554913
RF : 0.913294797688
Neural Network : 0.636994219653