Dates from 9MO
 50 Days Prediction Accuracy
Linear : 0.00892562501446
LR : 0.595744680851
KNN : 0.712765957447
SVM : 0.712765957447
RF : 0.813829787234
Neural Network : 0.88829787234
100 Days Prediction Accuracies
Linear : 0.00892562501446
LR : 0.595744680851
KNN : 0.712765957447
SVM : 0.712765957447
RF : 0.840425531915
Neural Network : 0.88829787234
200 Days Prediction Accuracies
Linear : 0.00892562501446
LR : 0.595744680851
KNN : 0.712765957447
SVM : 0.712765957447
RF : 0.787234042553
Neural Network : 0.88829787234