Dates from 6MO
 50 Days Prediction Accuracy
Linear : 0.00771605048077
LR : 0.564516129032
KNN : 0.701612903226
SVM : 0.725806451613
RF : 0.83064516129
Neural Network : 0.959677419355
100 Days Prediction Accuracies
Linear : 0.00771605048077
LR : 0.564516129032
KNN : 0.701612903226
SVM : 0.725806451613
RF : 0.814516129032
Neural Network : 0.959677419355
200 Days Prediction Accuracies
Linear : 0.00771605048077
LR : 0.564516129032
KNN : 0.701612903226
SVM : 0.725806451613
RF : 0.822580645161
Neural Network : 0.959677419355