Dates from 3YR
 50 Days Prediction Accuracy
Linear : 0.00308358306702
LR : 0.55585106383
KNN : 0.757978723404
SVM : 0.707446808511
RF : 0.816489361702
Neural Network : 0.67420212766
100 Days Prediction Accuracies
Linear : 0.00308358306702
LR : 0.55585106383
KNN : 0.757978723404
SVM : 0.707446808511
RF : 0.800531914894
Neural Network : 0.67420212766
200 Days Prediction Accuracies
Linear : 0.00308358306702
LR : 0.55585106383
KNN : 0.757978723404
SVM : 0.707446808511
RF : 0.832446808511
Neural Network : 0.67420212766