Dates from 3MO
 50 Days Prediction Accuracy
Linear : 0.0353626941629
LR : 0.55
KNN : 0.616666666667
SVM : 0.816666666667
RF : 0.816666666667
Neural Network : 0.716666666667
100 Days Prediction Accuracies
Linear : 0.0353626941629
LR : 0.55
KNN : 0.616666666667
SVM : 0.816666666667
RF : 0.816666666667
Neural Network : 0.716666666667
200 Days Prediction Accuracies
Linear : 0.0353626941629
LR : 0.55
KNN : 0.616666666667
SVM : 0.816666666667
RF : 0.866666666667
Neural Network : 0.716666666667