Dates from 5YR
 50 Days Prediction Accuracy
Linear : 0.00402369629338
LR : 0.545310015898
KNN : 0.744038155803
SVM : 0.70826709062
RF : 0.810015898251
Neural Network : 0.612877583466
100 Days Prediction Accuracies
Linear : 0.00402369629338
LR : 0.545310015898
KNN : 0.744038155803
SVM : 0.70826709062
RF : 0.814785373609
Neural Network : 0.612877583466
200 Days Prediction Accuracies
Linear : 0.00402369629338
LR : 0.545310015898
KNN : 0.744038155803
SVM : 0.70826709062
RF : 0.799682034976
Neural Network : 0.612877583466