Dates from 1YR
 50 Days Prediction Accuracy
Linear : 0.0124725467029
LR : 0.543650793651
KNN : 0.714285714286
SVM : 0.706349206349
RF : 0.805555555556
Neural Network : 0.77380952381
100 Days Prediction Accuracies
Linear : 0.0124725467029
LR : 0.543650793651
KNN : 0.714285714286
SVM : 0.706349206349
RF : 0.837301587302
Neural Network : 0.77380952381
200 Days Prediction Accuracies
Linear : 0.0124725467029
LR : 0.543650793651
KNN : 0.714285714286
SVM : 0.706349206349
RF : 0.81746031746
Neural Network : 0.77380952381