Dates from 10YR
 50 Days Prediction Accuracy
Linear : 0.00250376186414
LR : 0.547297297297
KNN : 0.759141494436
SVM : 0.74960254372
RF : 0.823131955485
Neural Network : 0.571542130366
100 Days Prediction Accuracies
Linear : 0.00250376186414
LR : 0.547297297297
KNN : 0.759141494436
SVM : 0.74960254372
RF : 0.816772655008
Neural Network : 0.571542130366
200 Days Prediction Accuracies
Linear : 0.00250376186414
LR : 0.547297297297
KNN : 0.759141494436
SVM : 0.74960254372
RF : 0.805643879173
Neural Network : 0.571542130366